123 11111111111 70.00
123 22222222222 70.00
123 33333333333 70.00
522 10101010101 50.00
522 12121212121 55.00
771 12345678900 108.00
123 44444444444 70.00
123 55555555555 77.00
522 12312312312 60.00
219 55555555555 90.00
522 77777777777 65.00
771 55555555555 118.80
522 88888888888 70.00
123 66666666666 77.00
571 00000000001 0.00
123 12343212345 4.40
123 12343212345 4.40
123 12343212345 4.40
123 12343212345 4.40
123 12343212345 1.20
666 34765234543 6.00
666 87343567987 6.00
666 12345597547 6.00
666 34566796778 6.00
666 23456575677 6.00
666 34575678788 6.00
666 24545678342 6.60
666 12564678978 6.60
666 34673567867 6.60
666 31234123345 6.60
666 34564563565 6.60
666 45565676788 6.60
666 42456457846 7.20
666 09876234545 7.20
666 13452345654 7.20
666 78976867674 7.20
666 45632342344 7.20
666 23433211211 7.20
666 13123432344 7.80
666 12111111121 7.80
666 22222222211 7.80
666 32131212321 7.80
666 33423434343 7.80
666 23453454663 7.80
666 45645346345 8.40
666 56467464564 8.40
666 67856568567 8.40
666 95678445363 8.40
666 23452567342 8.40
666 12323461333 8.40
666 55552624332 9.00
666 67956473556 9.00
666 12334564345 9.00
666 34566222535 9.00
666 34443535644 9.00
666 35463533645 9.00
666 54674456564 9.60
666 45645676656 9.60
666 56567567887 9.60
666 56755675876 9.60
666 56755786456 9.60
666 45655676545 9.60
666 19198182271 10.20
666 28282773635 10.20
666 18276457654 10.20
666 65676545674 10.20
666 54634536434 10.20
666 56746674676 10.20
666 67867867889 10.80
666 69789769556 10.80
666 64171061758 10.80
666 43653556664 10.80
666 24563534535 10.80
666 45623334554 10.80
666 54646756567 11.40
666 78978787897 11.40
666 78988999898 11.40
666 99998899889 11.40
666 89898989898 11.40
666 99999999999 11.40
123 11111111111 308.00
123 22222222222 308.00
123 33333333333 308.00
123 44444444444 308.00
123 11111111345 0.00
